[[1]]
           2.5%        25%        50%        75%      97.5%
0.25 0.01998277 0.02418698 0.02647826 0.02884612 0.03345967
0.33 0.11596008 0.12332007 0.12752399 0.13448130 0.14601273
0.5  0.46221445 0.47477620 0.48108348 0.48822915 0.49827751
0.66 0.28739767 0.29823378 0.30533322 0.30918177 0.31986315
0.75 0.04925320 0.05462884 0.05895944 0.06367923 0.07227361

[[2]]
           2.5%         25%         50%         75%      97.5%
0.25 0.00408779 0.006087714 0.007213691 0.008555274 0.01252401
0.33 0.12604815 0.135615802 0.138792905 0.143099557 0.14748586
0.5  0.52283716 0.534008613 0.539686879 0.544548330 0.55248262
0.66 0.27580190 0.286441213 0.289294360 0.298214444 0.30381156
0.75 0.01857747 0.022509709 0.024152921 0.026147002 0.02943471

[[3]]
           2.5%        25%        50%        75%      97.5%
0.25 0.01223628 0.01665080 0.01875576 0.02091014 0.02404108
0.33 0.13232735 0.14162003 0.14744470 0.15125762 0.16306020
0.5  0.43507573 0.44548293 0.45416402 0.46181409 0.47173350
0.66 0.25571582 0.26769762 0.27403123 0.28319388 0.29777467
0.75 0.09162414 0.09953865 0.10601468 0.11038524 0.12236419

[[4]]
            2.5%         25%         50%         75%       97.5%
0.25 0.003206151 0.004995192 0.006332864 0.007623646 0.009418452
0.33 0.111683862 0.118272646 0.120480423 0.124811474 0.131637476
0.5  0.546602599 0.556470333 0.560733973 0.566866446 0.576894704
0.66 0.276326131 0.286702012 0.292398868 0.297351582 0.306072966
0.75 0.012681145 0.016370181 0.019054123 0.021675694 0.024200456

[[5]]
             2.5%         25%         50%        75%      97.5%
0.25 0.0003269876 0.004193043 0.006761015 0.01078151 0.02123037
0.33 0.1179874749 0.144747695 0.164672252 0.18052703 0.20164262
0.5  0.2876425746 0.309328163 0.332815325 0.35640307 0.41091915
0.66 0.2680993135 0.340661651 0.369081989 0.41084337 0.45434013
0.75 0.0766146754 0.102024749 0.125285231 0.14489955 0.18643618

[[6]]
             2.5%         25%        50%        75%      97.5%
0.25 0.0002148354 0.002303185 0.00495817 0.01203898 0.02205126
0.33 0.1040819068 0.137035016 0.14869892 0.16006766 0.18623552
0.5  0.2497099040 0.286996381 0.30355693 0.32873582 0.35801180
0.66 0.3306608942 0.385348515 0.41227395 0.44669010 0.52417013
0.75 0.0558762888 0.092097455 0.12333606 0.14742964 0.17624656

[[7]]
            2.5%        25%        50%        75%      97.5%
0.25 0.009325628 0.01365483 0.01481407 0.01736092 0.02197786
0.33 0.123796164 0.13288203 0.13706828 0.14146056 0.14758484
0.5  0.480704723 0.48750561 0.49420797 0.49973940 0.51102907
0.66 0.303739060 0.31268199 0.31775584 0.32276610 0.33693978
0.75 0.026548787 0.03122996 0.03541381 0.03797672 0.04478600

[[8]]
           2.5%        25%        50%        75%     97.5%
0.25 0.20439119 0.22239414 0.24026730 0.25474642 0.2924148
0.33 0.07207969 0.10223679 0.12615433 0.15005095 0.1804451
0.5  0.25644244 0.29367671 0.31641950 0.33300563 0.3528491
0.66 0.19990303 0.23628930 0.24907852 0.26837138 0.3144270
0.75 0.04108565 0.05746452 0.06659486 0.07918141 0.1007951

[[9]]
           2.5%        25%        50%        75%      97.5%
0.25 0.18761816 0.21702316 0.22600247 0.23886838 0.25862128
0.33 0.08940062 0.11034550 0.12119735 0.13166437 0.15838585
0.5  0.30700568 0.32490666 0.33543018 0.35058612 0.37016547
0.66 0.23834125 0.26679686 0.27751521 0.28629790 0.31388246
0.75 0.01921475 0.02788334 0.03776608 0.04316331 0.05803211

[[10]]
           2.5%        25%        50%        75%      97.5%
0.25 0.26633778 0.28212872 0.29794223 0.31248826 0.33244265
0.33 0.02564418 0.03795021 0.04471891 0.05801073 0.07867645
0.5  0.38481731 0.41044482 0.41799513 0.43547182 0.45436396
0.66 0.14923191 0.16739389 0.17763045 0.18944400 0.20687505
0.75 0.03600585 0.04674897 0.05329810 0.06108690 0.07460192

[[11]]
           2.5%        25%        50%        75%     97.5%
0.25 0.29741343 0.32103036 0.33064039 0.34229480 0.3543921
0.33 0.09282563 0.11827947 0.12551859 0.13423171 0.1514460
0.5  0.22676626 0.24701015 0.25643866 0.26521966 0.2850627
0.66 0.20923216 0.22979004 0.24357664 0.25685572 0.2759541
0.75 0.02381755 0.03633314 0.04387388 0.05148438 0.0617261

[[12]]
           2.5%        25%        50%        75%     97.5%
0.25 0.02947013 0.04393609 0.06217457 0.07869976 0.1086411
0.33 0.07105320 0.10832804 0.12876823 0.16033163 0.1849625
0.5  0.42902241 0.46380540 0.48968752 0.51125360 0.5496255
0.66 0.12169928 0.16455396 0.19506170 0.21972777 0.2628114
0.75 0.08435653 0.11101142 0.12295355 0.14135497 0.1691341

[[13]]
           2.5%        25%        50%        75%      97.5%
0.25 0.34587846 0.36182500 0.37242387 0.38107960 0.40643412
0.33 0.12837767 0.14567248 0.15826511 0.17156117 0.18996996
0.5  0.16036845 0.17075216 0.18044306 0.18925027 0.20122423
0.66 0.20469236 0.21836400 0.22604361 0.23552092 0.25699032
0.75 0.04433336 0.05367674 0.06193438 0.06719851 0.08016419

[[14]]
           2.5%        25%        50%        75%      97.5%
0.25 0.38846024 0.40602669 0.41579974 0.42358945 0.43217819
0.33 0.09059371 0.10213153 0.10897335 0.11744295 0.13537558
0.5  0.23397533 0.25298970 0.25928900 0.26642068 0.28265020
0.66 0.15824885 0.17190334 0.17942880 0.18558053 0.19892136
0.75 0.02638134 0.03191444 0.03571769 0.04229104 0.05438762

[[15]]
           2.5%        25%        50%        75%      97.5%
0.25 0.23344752 0.24880214 0.26142098 0.27579322 0.29580615
0.33 0.05673655 0.08081000 0.09601091 0.10958968 0.12454908
0.5  0.30078487 0.31759358 0.33334286 0.34769524 0.37203502
0.66 0.21543961 0.23351055 0.24855815 0.26027737 0.28327481
0.75 0.04274164 0.05505541 0.06006219 0.06815005 0.08059025

[[16]]
           2.5%       25%        50%        75%      97.5%
0.25 0.08643359 0.1009156 0.11372102 0.13180693 0.14458685
0.33 0.11228850 0.1232471 0.13825978 0.15713917 0.18590004
0.5  0.39191511 0.4131112 0.42831104 0.44916729 0.47243976
0.66 0.24327103 0.2682169 0.29285990 0.30533892 0.32722623
0.75 0.00960986 0.0158800 0.02210089 0.03131574 0.04531955

[[17]]
             2.5%         25%         50%       75%      97.5%
0.25 0.0001307023 0.001077187 0.002967429 0.0051246 0.01670418
0.33 0.1152332609 0.141454684 0.153894396 0.1635106 0.18350854
0.5  0.2364810417 0.257786957 0.275083864 0.2886735 0.31395457
0.66 0.3206616962 0.358142675 0.377315158 0.3975892 0.43618893
0.75 0.1422115741 0.174139560 0.192278621 0.2115830 0.23590893

[[18]]
            2.5%        25%         50%         75%      97.5%
0.25 0.000410054 0.00337732 0.005271759 0.009333931 0.01855258
0.33 0.011712367 0.02373666 0.028928086 0.039916468 0.05531955
0.5  0.418336698 0.45284129 0.482088617 0.499915123 0.52926922
0.66 0.350793699 0.39898217 0.430505581 0.467345113 0.51923239
0.75 0.009239458 0.03631860 0.050411155 0.065322279 0.10257471

[[19]]
             2.5%         25%         50%         75%      97.5%
0.25 0.0002880337 0.002775706 0.004868046 0.008571935 0.01525948
0.33 0.2079790228 0.231049618 0.241787806 0.257026774 0.28391351
0.5  0.1515952011 0.170772586 0.189720594 0.209447683 0.23935432
0.66 0.4454807758 0.487136369 0.519627097 0.534858737 0.56223623
0.75 0.0163854061 0.040305491 0.050180208 0.063175291 0.09041033

[[20]]
             2.5%         25%         50%         75%      97.5%
0.25 0.0002266597 0.002157136 0.005077273 0.009063674 0.01861808
0.33 0.0395789925 0.056560881 0.063342974 0.070901819 0.08429948
0.5  0.3964825790 0.417383176 0.430070641 0.454142079 0.48965469
0.66 0.3518248079 0.383842232 0.408904148 0.439276481 0.48766088
0.75 0.0289820923 0.062884264 0.083295293 0.108243828 0.13915407

[[21]]
             2.5%         25%         50%         75%      97.5%
0.25 0.0001813334 0.001373595 0.002419424 0.004117268 0.01199595
0.33 0.0295334913 0.044866835 0.055059581 0.064188660 0.08441418
0.5  0.4429982989 0.466949206 0.490322266 0.510131648 0.53379792
0.66 0.3378747945 0.381611760 0.398006662 0.420462040 0.47456152
0.75 0.0155395826 0.034993756 0.052163048 0.062523328 0.09514349

[[22]]
             2.5%         25%         50%         75%      97.5%
0.25 0.0001316235 0.001430411 0.004276915 0.009885194 0.01805786
0.33 0.1127095420 0.127984246 0.146175189 0.160721483 0.18721416
0.5  0.2644171590 0.302724829 0.338779640 0.365937778 0.40677790
0.66 0.2561405659 0.311540437 0.341338746 0.377488932 0.45472702
0.75 0.1042821735 0.148186993 0.164256349 0.193844397 0.23410672

[[23]]
             2.5%        25%        50%        75%      97.5%
0.25 0.0001031426 0.00180087 0.00469666 0.01078295 0.02469752
0.33 0.0587932837 0.07457080 0.08716120 0.09546819 0.11312994
0.5  0.2170597698 0.24778782 0.27018420 0.28303371 0.30830882
0.66 0.1758244133 0.20772481 0.22513122 0.24747042 0.28575677
0.75 0.3518848804 0.39383622 0.41258543 0.43154320 0.46458881

[[24]]
             2.5%         25%        50%         75%       97.5%
0.25 6.690745e-05 0.001083877 0.00179485 0.003821866 0.006600927
0.33 2.724833e-02 0.035369523 0.04170386 0.050839023 0.060743811
0.5  5.096763e-01 0.540876566 0.55342739 0.568882507 0.596292034
0.66 3.222509e-01 0.353619285 0.37530173 0.390002530 0.408259506
0.75 8.084852e-03 0.017587680 0.02615311 0.036716979 0.063967618

[[25]]
             2.5%         25%         50%        75%      97.5%
0.25 0.0001219284 0.001226834 0.003544606 0.00635336 0.01020663
0.33 0.0344259987 0.054819341 0.065496348 0.07437550 0.09391266
0.5  0.3965189536 0.414713362 0.434857563 0.45367241 0.48422298
0.66 0.2986514559 0.348367666 0.366319950 0.38591312 0.41163806
0.75 0.0818610387 0.116930047 0.131346387 0.14861598 0.17753936

[[26]]
             2.5%          25%         50%        75%      97.5%
0.25 4.244881e-05 0.0007813017 0.001509063 0.00385294 0.01090668
0.33 1.296973e-01 0.1484428572 0.161644283 0.17212804 0.20587659
0.5  2.413528e-01 0.2738171476 0.297752329 0.31122276 0.33207898
0.66 3.610829e-01 0.4073807375 0.425668177 0.44325417 0.47218143
0.75 7.397795e-02 0.1022678512 0.110754846 0.12878293 0.17192524

[[27]]
           2.5%       25%       50%       75%     97.5%
0.25 0.29251629 0.3277041 0.3481109 0.3735258 0.4060119
0.33 0.08532646 0.1167752 0.1387419 0.1627971 0.2000290
0.5  0.08903522 0.1069025 0.1196101 0.1315574 0.1575256
0.66 0.15929800 0.1857801 0.2106192 0.2242546 0.2576829
0.75 0.14404414 0.1686384 0.1803656 0.2019456 0.2369660